rate_2 = [
    [0.9, 1.0, 1.3, 1.5, 1.8],
    [1.2, 1.4, 1.6, 1.8, 2.4],
    [1.3, 0.9, 1.8, 1.4, 1.1],
    [1.5, 1.3, 2.1, 2.6, 1.7],
    [1.6, 1.7, 1.9, 2.2, 3.2],
    [1.8, 1.2, 1.6, 1.0, 0.9],
    [2.1, 2.6, 2.8, 1.4, 1.8],
    [2.4, 2.2, 1.8, 1.2, 1.5],
    [3.3, 3.8, 1.9, 2.2, 2.4],
    [4.4, 2.5, 3.8, 1.1, 1.8]
]

rate_4 = [
    [0.7, 1.5, 1.8, 2.1, 2.8],
    [0.9, 1.0, 1.2, 2.4, 3.6],
    [1.0, 1.4, 2.0, 3.1, 4.0],
    [1.0, 1.8, 4.0, 2.6, 3.3],
    [2.8, 1.2, 3.8, 4.8, 3.3],
    [2.8, 1.8, 1.2, 4.8, 3.3],
    [2.8, 3.6, 2.1, 0.9, 1.8],
    [2.8, 4.8, 3.8, 1.2, 3.3],
    [2.9, 1.5, 1.6, 3.0, 2.1],
    [3.6, 2.0, 0.9, 3.1, 1.5]
]

rate_8 = [
    [0.5, 1.2, 2.4, 3.2, 4.0],
    [0.6, 1.0, 2.0, 3.8, 4.8],
    [0.9, 2.6, 3.2, 1.4, 0.4],
    [1.0, 0.5, 4.0, 2.6, 3.3],
    [2.2, 0.6, 1.8, 4.8, 3.5],
    [3.2, 4.0, 2.1, 0.5, 1.7],
    [3.6, 2.0, 1.2, 0.6, 4.8],
    [4.0, 0.5, 1.8, 3.2, 1.1],
    [5.0, 1.2, 1.6, 1.0, 0.9],
    [8.0, 0.62, 3.8, 2.5, 1.1]
]

rate_16 = [
    [0.2, 0.9, 1.3, 1.8, 3.2],
    [0.2, 3.2, 2.8, 1.6, 0.9],
    [0.3, 2.0, 4.9, 0.7, 4.8],
    [0.3, 3.0, 4.7, 4.9, 1.6],
    [0.4, 1.7, 0.3, 4.5, 4.8],
    [0.8, 3.2, 0.2, 1.4, 2.4],
    [3.2, 2.0, 2.8, 0.2, 1.1],
    [4.9, 1.0, 1.9, 2.8, 0.3],
    [16.0, 3.1, 2.3, 0.9, 5.0],
    [0.3, 1.2, 2.1, 3.5, 4.8]
]

rate_32 = [
    [0.1, 1.8, 0.1, 2.6, 4.8],
    [0.1, 1.8, 4.8, 2.6, 3.3],
    [2.7, 4.8, 3.8, 0.1, 1.8],
    [2.8, 3.2, 1.1, 2.1, 0.1],
    [2.9, 0.1, 3.8, 4.8, 1.8],
    [3.2, 1.2, 3.8, 0.1, 3.3],
    [3.5, 4.8, 3.8, 0.1, 1.8],
    [4.8, 1.8, 0.8, 2.6, 0.1],
    [4.9, 0.8, 0.1, 1.8, 3.3],
    [32.0, 0.15, 1.2, 2.6, 0.6]
]


  
  
  
  
  
  
  
  # 7 group rate2
    # [1.8, 1.2, 1.6, 1, 0.9], # 0711 rate_2
    # [1.3, 0.9, 1.8, 1.4, 1.1], # 0711 rate_2
    # [2.1, 2.6, 2.8, 1.4, 1.8], # 0711 rate_2
    # [2.4, 2.2, 1.8, 1.2, 1.5], # 0711 rate_2
    # [1.5, 1.3, 2.1, 2.6, 1.7], # 0711 rate_2
    # [2.9, 1.5, 1.6, 3, 2.1], # 0711 rate_2
    # [3.3, 3.8, 1.9, 2.2, 2.4], # 0711 rate_2

    #7 group rate4
    # [2.8, 1.2, 3.8, 4.8, 3.3], # 0711 rate_4
    # [2.8, 1.8, 1.2, 4.8, 3.3], # 0711 rate_4
    # [2.8, 4.8, 3.8, 1.2, 3.3], # 0711 rate_4
    # [4.4, 2.5, 3.8, 1.1, 1.8], # 0711 rate_4
    # [1.0, 1.8, 4.0, 2.6, 3.3], # 0711 rate_4
    # [2.8, 3.6, 2.1, 0.9, 1.8], # 0711 rate_4
    # [3.6, 2.0, 0.9, 3.1, 1.5] # 0711 rate_4

    # 6 group rate8
    [5.0, 1.2, 1.6, 1, 0.9], # 0711 rate_8  0.6 4.8
    [4.0, 0.5, 1.8, 3.2, 1.1], # 0711 rate_8 0.5 4
    [0.9, 2.6, 3.2, 1.4, 0.4], # 0711 rate_8 0.4 3.2
    [2.2, 0.6, 1.8, 4.8, 3.5], # 0711 rate_8 0.6 4.8
    [3.2, 4.0, 2.1, 0.5, 1.7], # 0711 rate_8 0.5 4
    [1.0, 0.5, 4.0, 2.6, 3.3], # 0711 rate_8 0.5 4
    # [1.5, 2.8, 3.6, 4.0, 0.5]

    # 9 group rate32
    [3.2, 1.2, 3.8, 0.1, 3.3], # 0711 rate_32 0.1 3.2
    [2.8, 3.2, 1.1, 2.1, 0.1], # 0711 rate_32 0.1 3.2
    [4.9, 0.8, 0.15, 1.8, 3.3], # 0711 rate_32 0.15 4.9
    [2.7, 4.8, 3.8, 0.15, 1.8], # 0711 rate_32 0.15 4.8
    [0.15, 1.8, 4.8, 2.6, 3.3], # 0711 rate_32 0.15 4.8
    [2.9, 0.15, 3.8, 4.8, 1.8], # 0711 rate_32 0.15 4.8
    [0.15, 1.8, 0.15, 2.6, 4.8], # 0711 rate_32 0.15 4.8
    [3.5, 4.8, 3.8, 0.15, 1.8], # 0711 rate_32 0.15 4.8
    [4.8, 1.8, 0.8, 2.6, 0.15], # 0711 rate_32 0.15 4.8


